x
-1 1
1 0 25813
2 0 37960
3 0 19072
4 0 22422
5 0 20304
6 0 19012
7 0 15810
8 0 17342
9 0 19207
10 0 23085
11 0 29992
12 0 26715
13 0 23715
14 0 18310
15 0 19148
16 0 15912
17 0 35898
18 0 43118
19 0 62150
20 0 53277
21 12 66055
22 259 52674
23 352 52867
24 376 37678
25 463 33611
26 481 25089
27 506 20003
28 854 19646
29 938 19817
30 1069 16078
31 1568 22050
32 1599 22658
33 1775 29401
34 676 26896
35 584 28183
36 1324 20457
37 590 22252
38 545 23397
39 846 26237
40 477 29992
41 229 30150
42 142 31151
43 259 9694
44 301 7186
45 323 6171
46 171 8726
47 261 7672
48 103 8666
49 63 11283
50 0 11664
51 0 29200
52 82 40806
54 184 14492
55 146 8483
56 199 8277
57 640 22141
58 2033 47575
59 2217 32390
60 4668 50218
61 3640 39721
62 1692 29362
63 1336 19518
64 1038 20227
65 950 18786
66 901 14656
67 816 12045
68 799 11874
69 843 11026
70 974 10263
71 968 9878
72 1106 9434
73 903 9066
74 834 9459
75 839 9080
76 821 8990
77 761 8888
78 774 8928
79 768 8949
80 792 9013
81 677 9099
82 672 8824
83 697 9244
84 735 9483
85 567 9635
86 596 9942
87 558 10588
88 584 11019
89 470 11015
90 350 11580
91 343 11851
92 294 11381
93 189 11378
94 146 11532
95 128 11534
96 83 10597
97 44 7997
98 31 5152
99 36 2894
100 6 1612
101 0 1113
102 0 96
103 36 49313
104 0 626
105 0 70959
106 25 32217
107 61 38984
108 42 31237
109 51 23857
110 71 30490
111 70 26528
112 118 33500
113 148 27316
114 169 22016
115 217 19579
116 283 17780
117 354 17868
118 336 17124
119 455 18488
120 387 19155
121 428 14102
122 539 13783
123 568 12495
124 711 12726
125 806 14577
126 880 12711
127 978 13625
128 1102 15343
129 986 13372
130 1004 16027
131 803 18492
132 625 19801
133 518 17531
134 388 14147
135 407 14458
136 368 12420
137 266 15182
138 246 15866
139 98 16294
140 232 16348
141 106 16266
142 171 24563
143 155 31127
144 162 41700
145 120 48446
146 141 64122
147 65 53939
148 50 73201
149 25 91227
150 4 76593
151 0 86647
152 0 3226
153 1 5749
154 0 10335
155 0 272272
156 0 98497
157 0 70221
158 0 72613
159 0 52547
160 0 68049
161 0 40316
162 0 87781
163 0 75040
164 0 64442
165 0 45850
166 0 67798
167 0 67960
168 0 52802
169 0 67703
170 0 39682
171 0 36447
172 0 43186
173 0 46464
174 0 39475
175 0 63433
176 0 46898
177 0 45919
178 0 32461
179 0 42157
180 0 42049
181 0 43012
182 0 30564
183 0 28427
184 0 29691
185 0 22340
186 0 28273
187 0 23520
188 0 15616
189 0 15693
190 0 17228
191 0 17785
192 0 18785
193 0 19041
194 0 25471
195 0 27103
196 0 28790
197 0 29512
198 0 32573
199 0 44777
200 0 45214
201 0 62003
202 0 77006
203 0 135759
204 0 13515
